EMG1  EMG2  EMG3  EMG4  EMG5  EMG6  EMG7  EMG8   ActualForce  EstimatedForce
 4     -2    0     0     -1    -1    0     -2   -13.11  -0.460484
 -39   -3    -1    0     0     -2    2     -2   -12.96  -0.462910
 19    4     0     1     1     3     -2    7    -13.04  -0.472680
 19    4     0     1     1     3     -2    7    -12.99  -0.496857
 -3    -4    -1    0     0     3     -3    -3   -12.91  -0.542658
 -3    -4    -1    0     0     3     -3    -3   -13.04  -0.611534
 35    -2    -2    -1    -3    -8    -4    -1   -12.95  -0.702347
 35    -2    -2    -1    -3    -8    -4    -1   -12.96  -0.814095
 7     2     -1    -1    0     2     0     -1   -13.05  -0.947618
 -5    0     0     -1    -1    -3    2     -3   -12.98  -1.104174
 -5    0     0     -1    -1    -3    2     -3   -13.03  -1.282582
 -11   -3    -1    -2    -1    -5    -8    -5   -13.08  -1.479117
 -11   -3    -1    -2    -1    -5    -8    -5   -13.02  -1.690956
 -6    1     -1    -1    -2    2     3     1    -13.09  -1.915322
 -10   -4    0     1     -1    3     1     -6   -13.15  -2.149769
 -10   -4    0     1     -1    3     1     -6   -13.24  -2.392429
 9     0     -1    1     -1    -2    -3    -1   -13.30  -2.641408
 9     0     -1    1     -1    -2    -3    -1   -13.20  -2.894754
 0     -2    -2    -3    0     0     2     2    -13.28  -3.148370
 14    0     -2    -1    -1    -2    -4    -1   -13.41  -3.396235
 14    0     -2    -1    -1    -2    -4    -1   -13.39  -3.633204
 -17   -2    -3    -2    -1    -1    -2    -2   -13.28  -3.855437
 -17   -2    -3    -2    -1    -1    -2    -2   -13.23  -4.061677
 -8    -2    -2    -1    -2    0     9     5    -13.32  -4.250993
 -48   0     0     0     0     1     -3    -4   -13.35  -4.425333
 -48   0     0     0     0     1     -3    -4   -13.40  -4.593396
 17    2     0     -1    -2    0     0     2    -13.37  -4.767360
 17    2     0     -1    -2    0     0     2    -13.40  -4.958593
 -8    -2    -1    0     0     -2    -2    -2   -13.41  -5.170295
 -1    -1    -2    -1    -1    -2    0     0    -13.45  -5.396463
 4     -3    -1    -1    0     4     10    12   -13.31  -5.628317
 4     -3    -1    -1    0     4     10    12   -13.51  -5.857564
 1     1     0     -1    -1    -1    -5    -6   -13.59  -6.078174
 1     1     0     -1    -1    -1    -5    -6   -13.47  -6.286850
 12    -2    -1    0     0     -3    -2    -4   -13.46  -6.479869
 3     -2    -2    0     -1    -2    -2    -5   -13.57  -6.652856
 3     -2    -2    0     -1    -2    -2    -5   -13.64  -6.801384
 14    -2    -1    -1    -3    -8    -8    -4   -13.45  -6.922190
 14    -2    -1    -1    -3    -8    -8    -4   -13.45  -7.013865
 -5    2     -1    0     1     2     2     1    -13.57  -7.077368
 10    3     0     -1    -2    -8    2     5    -13.51  -7.114592
 10    3     0     -1    -2    -8    2     5    -13.49  -7.127675
 -36   0     -1    0     2     2     -2    -7   -13.50  -7.120468
 -36   0     -1    0     2     2     -2    -7   -13.55  -7.103210
 5     -3    0     0     -1    0     -2    -2   -13.51  -7.086958
 -1    -1    -1    -1    -3    -6    -3    2    -13.46  -7.079099
 -1    -1    -1    -1    -3    -6    -3    2    -13.32  -7.077943
 6     -2    0     0     0     1     1     0    -13.60  -7.074487
 6     -2    0     0     0     1     1     0    -13.82  -7.061746
 1     1     0     -1    -1    3     -5    -1   -13.82  -7.035179
 1     1     0     -1    1     0     4     3    -13.64  -6.991618
 25    -2    -1    -1    -1    -2    -6    0    -13.66  -6.929798
 8     0     -2    0     0     2     -5    -1   -13.89  -6.850966
 8     0     -2    0     0     2     -5    -1   -13.73  -6.756739
 -8    -2    -2    0     -1    -4    0     -1   -13.72  -6.648998
 -8    -2    -2    0     -1    -4    0     -1   -13.54  -6.526581
 -6    -1    0     -1    -2    1     2     -1   -13.45  -6.389332
 -6    -1    0     -1    -2    1     2     -1   -13.39  -6.238366
 -37   -2    -1    -1    -2    6     1     -5   -13.51  -6.077754
 -37   -2    -1    -1    -2    6     1     -5   -13.76  -5.916658
 1     -1    0     -1    1     -1    -2    -2   -13.72  -5.765841
 -7    0     -1    -2    -2    1     -2    -3   -13.66  -5.633564
 9     0     -2    -2    -2    -1    7     -2   -13.64  -5.520516
 2     -2    -2    -3    -2    -2    -3    -6   -13.67  -5.420718
 2     -2    -2    -3    -2    -2    -3    -6   -13.74  -5.329391
 17    1     0     2     0     -3    -1    1    -13.69  -5.243083
 0     -2    -2    -1    0     0     0     -2   -13.67  -5.160153
 -8    -4    0     -1    1     0     2     3    -13.56  -5.079081
 -5    -1    -1    -1    -1    0     0     2    -13.49  -4.999183
 -5    -1    -1    -1    -1    0     0     2    -13.52  -4.918344
 1     0     0     -1    -1    0     -4    1    -13.48  -4.835595
 -5    -1    2     -1    -1    -1    -3    -7   -13.40  -4.749359
 24    1     -1    2     0     1     0     3    -13.44  -4.659882
 2     2     -2    0     -1    -2    -1    3    -13.49  -4.568962
 2     2     -2    0     -1    -2    -1    3    -13.56  -4.478329
 0     2     -2    -2    -1    2     5     2    -13.50  -4.387679
 -4    -1    -1    -1    -1    3     0     -1   -13.44  -4.293104
 -10   -1    -1    -1    -2    -2    -2    -2   -13.50  -4.192540
 -2    -1    -1    -1    -1    -2    -1    2    -13.55  -4.085811
 6     0     2     -1    0     -1    2     1    -13.48  -3.973505
 -13   -4    0     -1    -3    -2    -2    -6   -13.42  -3.857151
 -6    2     -1    -2    -2    -1    -1    -2   -13.54  -3.739076
 4     -2    -2    -1    0     -1    2     1    -13.48  -3.621973
 4     -2    -2    -1    0     -1    2     1    -13.54  -3.507050
 1     0     -1    0     -1    -4    -2    1    -13.44  -3.392414
 -2    -1    -1    -3    1     0     0     -2   -13.29  -3.276238
 -4    0     0     0     0     -3    -4    -2   -13.48  -3.158009
 8     1     -2    -1    -2    -1    -3    -1   -13.64  -3.038185
 -16   -3    -1    -1    -1    0     5     1    -13.66  -2.918374
 -6    -4    -4    -1    -2    -7    -6    -3   -13.61  -2.800563
 7     -2    -1    -1    -2    -2    0     0    -13.59  -2.685742
 1     0     0     -2    1     1     -2    1    -13.63  -2.574610
 1     0     0     -2    1     1     -2    1    -13.54  -2.467313
 -8    -2    1     -1    0     0     -3    -5   -13.44  -2.364502
 5     1     -2    -1    -2    -2    -5    -4   -13.47  -2.266909
 5     1     -2    -1    -2    -2    -5    -4   -13.57  -2.175048
 2     0     -2    -2    -3    -8    -7    -2   -13.42  -2.089339
 2     0     -2    -2    -3    -8    -7    -2   -13.25  -2.008542
 -3    -4    -2    -3    0     1     -1    -3   -13.20  -1.931016
 8     1     1     3     0     1     2     1    -13.14  -1.855365
 8     1     1     3     0     1     2     1    -13.13  -1.781709
 4     0     -2    -2    -2    2     3     3    -13.27  -1.711210
 4     0     -2    -2    -2    2     3     3    -13.42  -1.644526
 -25   1     -1    -2    -2    0     -3    -6   -13.34  -1.582706
 -1    -5    -1    0     -2    0     -4    -2   -13.47  -1.528728
 -1    -5    -1    0     -2    0     -4    -2   -13.51  -1.484867
 1     0     -2    0     0     -1    -1    -3   -13.46  -1.452334
 1     0     -2    0     0     -1    -1    -3   -13.61  -1.427618
 -1    -1    0     -2    0     0     -1    -6   -13.55  -1.407868
 -1    1     -1    -3    -2    2     -2    0    -13.44  -1.391773
 -27   3     0     0     0     -1    0     4    -13.32  -1.379954
 7     -4    0     -1    -3    0     -2    -1   -13.28  -1.375814
 7     -4    0     -1    -3    0     -2    -1   -13.32  -1.382422
 5     1     -2    -1    0     -1    0     0    -13.38  -1.402651
 5     -2    0     0     0     -1    -2    0    -13.47  -1.434184
 4     -1    0     -1    -1    -2    -3    -4   -13.46  -1.474630
 -5    0     -1    -1    -1    -5    -2    0    -13.47  -1.522318
 9     -1    0     0     0     -2    2     3    -13.53  -1.576009
 4     0     -1    -2    -2    1     3     -1   -13.60  -1.634989
 4     0     -1    -2    -2    1     3     -1   -13.42  -1.697911
 3     -2    -1    -1    -1    -1    0     -2   -13.30  -1.763109
 5     -2    -1    -2    0     -1    0     -1   -13.22  -1.828002
 4     1     -2    -2    -1    -1    -2    2    -13.14  -1.890390
 6     -2    -1    0     -1    -3    -2    2    -13.17  -1.948340
 0     1     -1    0     -1    -6    -1    -3   -13.19  -2.000485
 -3    -1    0     -2    -2    -1    -2    -2   -13.19  -2.046065
 -3    -1    0     -2    -2    -1    -2    -2   -13.27  -2.085230
 -4    0     -1    -1    -1    1     5     0    -13.16  -2.118032
 -4    0     -1    -1    -1    1     5     0    -13.02  -2.144336
 3     -1    -2    -1    -3    -1    -3    4    -13.07  -2.163361
 -1    0     0     -1    -1    -1    1     4    -13.07  -2.174461
 0     -1    -1    0     1     -5    -2    -5   -12.99  -2.177881
 10    -2    0     1     -1    3     1     -1   -13.08  -2.174994
 10    -2    0     1     -1    3     1     -1   -13.16  -2.167955
 3     0     -1    -1    -1    0     -4    3    -13.09  -2.159323
 -3    -1    -1    0     -3    -3    -1    -7   -13.11  -2.151075
 -9    -4    -3    -2    0     -1    0     -2   -13.00  -2.143874
 -7    -2    0     -2    0     7     1     -4   -12.98  -2.137513
 -7    -2    0     -2    0     7     1     -4   -12.94  -2.133044
 -8    -2    -2    -2    -1    -1    -1    -2   -13.05  -2.132277
 -4    0     -2    -2    -2    -4    -7    -2   -13.10  -2.135668
 6     -1    -1    1     -1    1     2     0    -13.08  -2.141850
 0     -1    0     -1    0     -3    -4    1    -13.05  -2.149080
 0     -1    0     -1    0     -3    -4    1    -13.07  -2.155813
 8     0     0     1     -1    -4    0     -2   -13.10  -2.161306
 -1    -3    -3    0     -1    -3    -3    -3   -12.88  -2.164894
 -6    -1    -2    -2    -1    0     -2    1    -12.96  -2.165128
 -11   -2    -1    0     -1    1     3     3    -13.08  -2.161103
 -11   -2    -1    0     -1    1     3     3    -12.97  -2.153267
 3     1     0     -1    -1    -2    -3    -5   -12.94  -2.144108
 -7    0     -1    0     0     -1    1     -3   -13.11  -2.136566
 2     -3    -1    1     -1    -6    -4    0    -13.15  -2.132068
 4     -2    -1    -2    -1    -1    0     -2   -13.19  -2.129821
 9     1     -1    0     0     1     -3    -1   -13.18  -2.128845
 8     1     -1    -2    -2    1     1     4    -13.19  -2.128390
 -6    1     0     -2    0     -1    -2    -1   -13.13  -2.129180
 -6    -2    0     -2    -1    0     -2    -1   -13.03  -2.132505
 -6    -2    0     -2    -1    0     -2    -1   -13.04  -2.139484
 2     -2    -1    -1    0     -1    -1    -1   -13.02  -2.150056
 2     -2    -1    -1    0     -1    -1    -1   -13.12  -2.162971
 0     -1    0     0     0     0     0     0    -13.11  -2.176060
 -34   -1    -1    -1    -2    1     0     -1   -13.04  -2.188394
 -34   -1    -1    -1    -2    1     0     -1   -12.96  -2.203537
 11    -1    -1    -2    -1    0     0     0    -12.86  -2.227229
 11    -1    -1    -2    -1    0     0     0    -12.89  -2.265273
 0     -1    -2    0     -1    -3    -2    -1   -12.85  -2.318131
 0     -3    -3    -3    -1    0     2     -2   -12.90  -2.380532
 2     0     -2    -1    -3    -1    0     0    -13.00  -2.445754
 3     1     -1    -1    -1    -1    -1    1    -13.02  -2.507028
 3     1     -1    -1    -1    -1    -1    1    -12.84  -2.560210
 0     -2    -1    0     -2    -2    -2    -3   -12.83  -2.602998
 0     -2    -1    0     -2    -2    -2    -3   -12.85  -2.634010
 2     -4    0     -1    -2    -1    -1    0    -12.80  -2.652388
 -6    -5    -1    0     -1    -1    -2    0    -12.70  -2.657857
 -6    -5    -1    0     -1    -1    -2    0    -12.70  -2.650867
 -4    1     -1    0     0     -1    -2    -3   -12.56  -2.632081
 -4    1     -1    0     0     -1    -2    -3   -12.57  -2.602885
 0     -1    0     0     -1    -2    -1    -3   -12.61  -2.564888
 1     0     -1    -1    -1    -1    2     -2   -12.48  -2.519644
 1     0     -1    -1    -1    -1    2     -2   -12.30  -2.468062
 6     2     -2    -3    -2    -2    0     1    -12.34  -2.410082
 6     2     -2    -3    -2    -2    0     1    -12.41  -2.345633
 -5    -4    -2    -1    0     0     -2    -2   -12.28  -2.274810
 -5    -4    -2    -1    0     0     -2    -2   -12.27  -2.198296
 20    0     0     -1    0     1     -1    1    -12.22  -2.117829
 -6    -1    -1    -4    -3    -2    -1    -1   -12.30  -2.037206
 -6    -1    -1    -4    -3    -2    -1    -1   -12.20  -1.960087
 6     0     -1    -2    -1    0     -2    -2   -12.22  -1.889228
 6     0     -1    -2    -1    0     -2    -2   -12.08  -1.824881
 -9    -4    -2    -2    0     -2    -1    -4   -11.93  -1.767404
 -9    -4    -2    -2    0     -2    -1    -4   -11.81  -1.717296
 -3    0     -1    0     0     0     -1    -2   -11.90  -1.674837
 -3    0     -1    0     0     0     -1    -2   -11.78  -1.640123
 13    2     -1    0     -1    -2    0     0    -11.98  -1.612891
 0     -1    0     0     -2    0     0     5    -12.04  -1.592806
 0     -1    0     0     -2    0     0     5    -11.88  -1.580166
 -5    0     -1    0     0     -1    -1    -3   -11.74  -1.575608
 -5    0     -1    0     0     -1    -1    -3   -11.73  -1.578513
 -7    -2    0     -1    -3    -1    -2    -1   -11.86  -1.588205
 -4    -1    -1    -1    -1    -1    -1    -2   -11.97  -1.604409
 -4    -1    -1    -1    -1    -1    -1    -2   -11.96  -1.626447
 -8    -3    -2    0     -2    -1    -2    -5   -12.04  -1.653110
 4     1     -1    -1    -1    1     0     3    -11.89  -1.683223
 -3    -2    1     -1    0     -1    -3    -1   -11.65  -1.715726
 -3    -1    0     -2    -1    -1    -1    -2   -11.60  -1.750014
 -1    0     -2    0     -1    0     1     -1   -11.63  -1.784632
 -3    -1    -1    -1    0     -1    0     0    -11.66  -1.817237
 -3    -1    -1    -1    0     -1    0     0    -11.71  -1.845487
 -3    -1    -1    -1    -1    0     0     -2   -11.58  -1.867460
 0     -1    -1    -1    -2    0     -1    1    -11.59  -1.882148
 -2    0     -1    -3    -2    -2    -2    -1   -11.87  -1.888719
 -2    0     -1    -3    -2    -2    -2    -1   -11.79  -1.886712
 -1    -2    0     -1    1     -1    -1    -1   -11.64  -1.875768
 -2    -3    0     -1    0     -1    -1    0    -11.55  -1.856497
 0     0     0     0     0     -3    0     0    -11.57  -1.829955
 -1    0     0     -1    0     -2    -2    -2   -11.58  -1.797110
 -3    -1    -1    -1    0     -1    0     -3   -11.57  -1.759012
 -3    -1    -1    -1    0     -1    0     -3   -11.42  -1.716691
 -1    -1    -1    -1    -1    -1    -2    -1   -11.38  -1.671254
 -2    -1    -1    0     -1    0     -1    -1   -11.44  -1.623380
 0     -2    -1    1     -1    0     -1    1    -11.53  -1.573164
 -1    -2    -1    -1    -1    0     0     -1   -11.46  -1.520192
 0     -1    0     -2    -2    -2    -1    -1   -11.46  -1.464387
 -1    0     0     0     -2    -1    -1    -1   -11.30  -1.406125
 -1    0     -2    -1    -2    -2    -3    0    -11.38  -1.346151
 -1    1     -2    -1    0     -1    0     -2   -11.56  -1.284169
 -1    1     -2    -1    0     -1    0     -2   -11.47  -1.219163
 -1    -1    -2    -1    -2    0     -1    -2   -11.46  -1.150215
 -1    -1    -2    -1    -2    0     -1    -2   -11.41  -1.077026
 -2    -1    -1    -1    0     -3    -1    -1   -11.35  -0.999692
 -1    0     -2    -1    0     1     -2    1    -11.39  -0.918763
 -1    0     -2    -1    0     1     -2    1    -11.20  -0.834648
 -1    0     0     0     -2    0     -1    -1   -11.09  -0.747753
 -1    0     0     0     -2    0     -1    -1   -11.12  -0.659277
 0     -2    -2    -1    0     -1    0     -1   -11.19  -0.571142
 -6    -3    -2    -1    -2    0     -2    -2   -11.44  -0.484289
 2     0     1     -1    -1    -1    -3    0    -11.37  -0.399179
 -4    -2    0     -1    -1    0     -1    -1   -11.35  -0.316634
 -4    -2    0     -1    -1    0     -1    -1   -11.40  -0.238994
 0     0     -2    -1    0     -1    0     0    -11.30  -0.167937
 -1    0     -2    0     -2    -1    0     -1   -11.34  -0.103650
 -3    0     -3    -3    -1    -2    -1    -3   -11.32  -0.044711
 -1    -2    -1    0     -1    -1    0     -1   -11.24  0.007998
 -1    -2    -1    0     -1    -1    0     -1   -11.12  0.047290
 -2    -1    0     -1    -1    -1    -2    -1   -11.24  0.083863
 2     -1    -1    -1    -2    -2    -2    1    -11.29  0.117018
 3     -2    -1    -2    -1    0     -1    0    -11.18  0.146170
 1     -1    -1    1     -1    -2    -1    -3   -11.27  0.171029
 -3    0     -2    -1    0     -1    -1    0    -11.23  0.191647
 -2    0     -2    -2    -1    -1    -1    -2   -11.25  0.208522
 -2    0     -2    -2    -1    -1    -1    -2   -11.16  0.222445
 2     -1    0     -2    -1    -2    0     0    -11.03  0.233999
 -3    -1    0     0     -1    -1    -1    -2   -10.98  0.242841
 -3    -1    0     0     -1    -1    -1    -2   -11.16  0.247798
 -1    -2    -2    0     0     0     0     -1   -11.27  0.247960
 -1    -2    -2    0     0     0     0     -1   -11.19  0.243575
 0     -1    -1    0     0     -2    0     -1   -11.18  0.235919
 0     -1    -1    0     0     -2    0     -1   -11.34  0.226338
 -1    1     1     -1    -1    -1    -2    -1   -11.23  0.215624
 -1    0     -2    0     -2    -1    0     -2   -11.20  0.204400
 -1    0     -2    0     -2    -1    -1    -2   -11.16  0.193414
 -1    -3    -2    -2    -2    -2    -1    -1   -11.15  0.183596
 -4    -2    -1    -2    -1    -1    0     0    -11.17  0.175587
 -3    -2    -2    0     0     -1    -1    -1   -11.35  0.169561
 -3    -2    -2    0     0     -1    -1    -1   -11.19  0.165564
 1     -1    0     -3    -1    -1    -2    -1   -11.10  0.163431
 1     -1    0     -3    -1    -1    -2    -1   -11.12  0.162482
 1     0     -2    -1    -3    -2    -3    0    -11.23  0.161754
 0     0     1     0     -2    -1    -2    -1   -11.20  0.161188
 0     0     1     0     -2    -1    -2    -1   -11.13  0.161258
 1     0     0     -1    -2    1     0     1    -11.20  0.162091
 1     0     0     -1    -2    1     0     1    -11.33  0.163099
 -4    0     -1    -2    -1    -2    1     -2   -11.32  0.163297
 1     0     1     -1    -2    0     -1    -1   -11.41  0.161866
 0     -1    -1    0     0     -1    0     -2   -11.41  0.158602
 0     -2    0     0     -2    0     -1    0    -11.10  0.153411
 0     -2    0     0     -2    0     -1    0    -11.23  0.146417
 -1    -2    -2    -2    -2    -2    0     -2   -11.24  0.137703
 0     -2    -2    0     -2    -2    1     1    -11.28  0.128091
 -3    -2    -2    -1    -2    -1    -2    -1   -11.24  0.118935
 -1    0     0     -3    -1    -2    -2    -1   -11.38  0.110998
 -1    0     0     -3    -1    -2    -2    -1   -11.45  0.104135
 0     -2    -1    0     1     -2    -1    0    -11.46  0.097475
 -3    0     -1    -1    0     -2    -1    -1   -11.49  0.090722
 2     0     -2    -1    -1    1     -1    1    -11.36  0.084044
 -3    -2    -1    -3    -1    -2    -1    0    -11.20  0.077951
 -3    -2    -1    -3    -1    -2    -1    0    -11.28  0.072583
 -1    -1    0     -1    -1    -2    0     -2   -11.38  0.067713
 -1    -1    -1    -1    1     -2    -1    -2   -11.46  0.062699
 0     -2    -3    -2    -1    0     -1    0    -11.34  0.057389
 -3    -1    0     -2    1     -1    0     -1   -11.36  0.052519
 -3    -1    0     -2    1     -1    0     -1   -11.41  0.048339
 3     1     -1    0     -1    0     0     0    -11.34  0.044133
 -3    0     -1    -2    -1    -2    0     -4   -11.34  0.038933
 -2    -3    -1    0     -1    0     -1    -2   -11.40  0.032195
 -2    -3    -1    0     -1    0     -1    -2   -11.25  0.023657
 -3    -1    0     1     -1    -3    -3    0    -11.30  0.012889
 -3    -1    0     1     -1    -3    -3    0    -11.29  -0.000503
 1     -2    -2    -1    -1    -1    -3    0    -11.22  -0.021715
 -2    -1    -1    0     0     -1    0     -2   -11.25  -0.045472
 -1    0     -2    -2    -1    -1    -1    -1   -11.37  -0.070218
 0     -2    0     -1    0     0     -1    0    -11.37  -0.094478
 0     -2    0     -1    0     0     -1    0    -11.35  -0.117691
 -1    -1    -1    -2    -2    0     -1    -1   -11.32  -0.139711
 0     -2    0     -2    -1    -1    -1    0    -11.36  -0.160359
 0     0     0     0     -1    -2    0     0    -11.36  -0.179450
 -2    0     -1    0     -1    -2    0     -2   -11.30  -0.197253
 -2    0     -1    0     -1    -2    0     -2   -11.20  -0.213841
 -2    -2    0     -1    -1    -1    2     -2   -11.34  -0.229421
 1     -2    0     -2    -1    0     -2    0    -11.50  -0.244912
 -1    0     0     -1    -1    1     -1    -1   -11.45  -0.261283
 1     0     -1    -1    0     -1    -1    -1   -11.34  -0.279039
 1     0     -1    -1    0     -1    -1    -1   -11.40  -0.297650
 -1    -1    0     -1    -1    0     1     -2   -11.68  -0.316556
 -1    -1    0     -1    -2    -1    -2    -2   -11.44  -0.335695
 0     -3    -1    0     -1    0     -1    0    -11.31  -0.355450
 -2    -2    -2    -4    -1    -1    -2    -1   -11.25  -0.375386
 -2    -2    -2    -4    -1    -1    -2    -1   -11.20  -0.393920
 -4    0     1     -2    -1    -1    -2    -1   -11.31  -0.409327
 -4    0     1     -2    -1    -1    -2    -1   -11.39  -0.421188
 -7    -1    -2    -1    -2    -1    -1    -4   -11.34  -0.430143
 5     0     -2    -1    -1    -1    1     0    -11.40  -0.437092
 -2    -1    0     -1    -3    0     -1    -3   -11.33  -0.442609
 2     -2    -1    -1    -1    -2    0     1    -11.21  -0.447874
 2     -2    -1    -1    -1    -2    0     1    -11.32  -0.453445
 -2    -3    -2    -2    -2    0     -2    -1   -11.43  -0.459154
 1     1     0     0     1     -2    -1    0    -11.39  -0.464120
 1     1     0     0     1     -2    -1    0    -11.34  -0.467948
 0     0     -2    -1    0     -2    0     -2   -11.19  -0.470685
 0     0     -2    -1    0     -2    0     -2   -11.38  -0.471560
 1     0     -1    -1    0     -1    -1    -1   -11.59  -0.469164
 1     0     -1    -1    0     -1    -1    -1   -11.45  -0.462748
 -1    0     -1    -2    -1    -2    -2    -1   -11.46  -0.452349
 1     -1    0     -1    0     -1    -1    -1   -11.33  -0.438428
 -4    -3    0     1     -1    -1    -1    -2   -11.38  -0.422200
 -4    -3    0     1     -1    -1    -1    -2   -11.34  -0.405751
 1     -1    -2    -2    0     0     -2    1    -11.26  -0.390955
 0     0     -2    -1    -3    0     -1    -1   -11.38  -0.378130
 0     0     -2    -1    -3    0     -1    -1   -11.38  -0.365760
 1     -1    -1    -1    -2    -3    0     -1   -11.36  -0.351826
 1     -1    -1    -1    -2    -3    0     -1   -11.34  -0.335323
 -1    1     0     -3    -1    -1    0     -2   -11.43  -0.316442
 6     -2    -1    -1    1     0     -2    1    -11.43  -0.296374
 6     -2    -1    -1    1     0     -2    1    -11.47  -0.276738
 -5    -1    -1    2     -1    -1    -2    -4   -11.49  -0.259163
 -5    -1    -1    2     -1    -1    -2    -4   -11.39  -0.245517
 -3    -1    -2    -3    0     -2    -2    -2   -11.33  -0.237215
 -1    -1    -1    -1    -1    1     -1    -2   -11.31  -0.234591
 -1    -1    -1    -1    -1    1     -1    -2   -11.58  -0.237065
 -2    -2    -2    -1    -1    -1    -1    1    -11.49  -0.243516
 -2    -2    -2    -1    -1    -1    -1    1    -11.35  -0.252274
 -1    0     -1    0     -1    -2    0     -2   -11.29  -0.261535
 -2    -2    0     0     1     -1    -1    -1   -11.20  -0.270431
 -2    -2    0     0     1     -1    -1    -1   -11.24  -0.279344
 -1    -1    -2    -3    -2    0     1     -1   -11.38  -0.288935
 -1    -1    -2    -3    -2    0     1     -1   -11.40  -0.298615
 0     1     -1    -1    -1    -3    -2    0    -11.27  -0.306750
 1     0     -1    -1    -1    -2    0     0    -11.17  -0.311835
 1     0     -1    -1    -1    -2    0     0    -11.16  -0.313183
 -1    -2    -4    -1    -1    1     -2    -3   -11.39  -0.309894
 -1    -2    -4    -1    -1    1     -2    -3   -11.34  -0.300172
 -2    -2    1     -1    0     -1    0     -1   -11.28  -0.281938
 -2    -2    1     -1    0     -1    0     -1   -11.28  -0.255078
 -1    0     -1    0     -2    -2    -1    -3   -11.31  -0.221352
 -1    0     -1    0     -2    -2    -1    -3   -11.32  -0.182907
 0     0     0     -1    0     -1    0     -1   -11.35  -0.141832
 -1    -1    0     -1    -2    -2    -1    -2   -11.43  -0.100355
 -1    -1    0     -1    -2    -2    -1    -2   -11.50  -0.060747
 -2    -2    -1    -2    -1    -2    -2    -2   -11.44  -0.024788
 -2    -2    -1    -2    -1    -2    -2    -2   -11.44  0.004774
 -2    -3    -2    0     0     -1    0     0    -11.28  0.024389
 -2    -3    -2    0     0     -1    0     0    -11.27  0.040909
 -2    -1    -1    -1    0     -1    -1    -1   -11.29  0.055377
 2     0     0     -2    -1    -1    -1    1    -11.39  0.068346
 2     0     0     -2    -1    -1    -1    1    -11.38  0.079264
 1     -2    0     0     0     0     -1    0    -11.43  0.087147
