EMG1  EMG2  EMG3  EMG4  EMG5  EMG6  EMG7  EMG8   ActualForce  EstimatedForce
 -5    3     -6    -1    -5    -3    -3    2      19.682030
 -6    -2    -8    6     -2    -7    -8    -4     19.685949
 3     2     -8    6     4     -2    1     1      19.697962
 3     0     -9    -1    0     5     7     8      19.723070
 -2    -6    -12   -11   0     -2    3     -4     19.766115
 -2    -5    -9    -3    -7    -1    2     -2     19.832621
 -5    -2    -13   -5    4     -6    -1    -1     19.927197
 1     -7    -9    20    1     -9    -3    -1     20.053844
 -1    3     -12   -5    -1    -3    3     0      20.215508
 0     -4    -8    -5    0     1     0     0      20.413622
 1     -7    -15   6     -2    2     4     4      20.649059
 -2    3     -8    -19   -5    1     0     -5     20.921923
 0     -5    -3    -5    -3    -3    1     -3     21.229286
 -1    -3    -11   -2    -6    -7    -6    0      21.564144
 -1    -3    -11   -2    -6    -7    -6    0      21.920670
 -4    3     -8    10    -1    -3    2     1      22.296446
 -1    -3    -10   -26   -3    -4    3     -3     22.688660
 -1    -3    -10   -26   -3    -4    3     -3     23.093470
 -2    -4    -9    -7    -3    -2    1     6      23.506823
 -2    -4    -9    -7    -3    -2    1     6      23.924278
 -2    -5    -6    17    2     5     4     -3     24.340267
 3     -2    -16   10    4     1     -1    6      24.749437
 -2    3     -10   -8    0     0     2     -1     25.149591
 -3    -6    -10   -19   -1    -1    5     -5     25.540525
 2     -9    -8    32    1     1     1     4      25.919893
 -3    3     -8    -1    2     -1    -1    -1     26.284241
 4     -3    -14   19    0     1     5     -2     26.630434
 -4    6     -9    -3    -3    -2    4     2      26.957993
 -6    0     -16   8     -1    -1    4     4      27.267990
 -3    4     -8    -18   -4    -3    -1    3      27.561230
 3     -2    -9    -5    -1    -3    1     3      27.837282
 2     -3    -12   19    -2    3     6     7      28.093924
 -4    0     -8    -17   0     1     4     -2     28.329741
 -4    0     -8    -17   0     1     4     -2     28.543436
 -4    0     -8    -17   0     1     4     -2     28.732798
 -2    -3    -10   -5    2     -6    3     5      28.896486
 -4    7     -8    3     0     -3    0     -2     29.034304
 -4    7     -8    3     0     -3    0     -2     29.146444
 -6    -1    -9    -4    -1    1     2     0      29.233036
 -6    -4    -44   0     -4    -3    3     1      29.300465
 -5    -4    -12   0     5     -6    -2    1      29.366049
 -7    -5    -10   19    3     -6    -4    -6     29.444609
 1     -2    -9    103   -4    -3    -4    -1     29.536512
 1     -1    -13   -19   5     1     6     4      29.636494
 0     -2    -2    15    -1    3     4     3      29.739592
 0     -2    -2    15    -1    3     4     3      29.839870
 -5    -15   -13   -26   -4    -7    -7    -1     29.929306
 5     -2    6     -23   4     0     3     -2     30.003733
 -7    -7    -4    -6    1     -8    -9    -7     30.060518
 5     7     -2    -37   -1    12    3     7      30.093189
 -4    -4    -5    3     -6    -11   -11   -7     30.093306
 -5    -7    -6    -105  -4    -5    -7    -8     30.054060
 0     5     10    -47   -5    8     3     3      29.973673
 5     -2    -3    108   0     -5    -5    -3     29.854650
 1     6     9     123   0     4     0     2      29.700542
 -8    -1    -4    84    -7    -11   -7    -6     29.515625
 -8    -1    -4    84    -7    -11   -7    -6     29.301695
 -1    -2    -7    13    3     -4    -5    -4     29.059513
 7     -2    8     -35   3     -2    2     6      28.790501
 -8    0     -3    -79   -2    -5    -4    -3     28.498018
 -5    -2    -4    89    -2    -6    -5    -3     28.185074
 -5    -2    -4    89    -2    -6    -5    -3     27.852659
 -2    3     -4    33    -1    -12   -1    -7     27.502817
 4     2     -11   -7    -3    0     7     0      27.139732
 -7    -5    -3    -70   2     -6    -8    -4     26.769766
 2     -2    -31   -101  -3    4     2     -3     26.402288
 -2    -1    -8    -41   0     -1    -2    -5     26.052614
 1     -2    -7    -6    6     0     -4    4      25.733564
 1     -4    -21   -9    -2    0     3     -1     25.451740
 -1    -5    -7    -18   5     -3    -3    0      25.212954
 0     -1    -9    -15   -10   2     -2    3      25.022396
 2     0     -8    -7    1     -4    -5    -3     24.880209
 -2    5     -8    12    1     -1    -6    -4     24.783413
 -2    5     -8    12    1     -1    -6    -4     24.727770
 3     -5    -8    11    6     -5    1     -3     24.708447
 3     -5    -8    11    6     -5    1     -3     24.720655
 -3    -1    -7    3     -5    -4    -7    1      24.759882
 -3    -1    -7    3     -5    -4    -7    1      24.821793
 -1    -4    -4    -10   1     -1    0     -5     24.901688
 -3    2     -25   3     -3    1     2     2      24.997040
 -4    -4    -6    -14   -7    0     3     2      25.110573
 -1    -3    -5    -26   1     -3    -2    -6     25.243931
 -1    -3    -5    -26   1     -3    -2    -6     25.391703
 -3    -3    -8    -62   2     0     4     -3     25.545811
 7     3     3     -123  2     2     -3    5      25.699551
 0     3     -5    -13   4     -1    -1    -2     25.846455
 -1    1     -6    63    -5    0     4     -3     25.981264
 4     1     -6    52    -1    0     -1    2      26.100649
 0     4     -6    70    -5    -2    -3    1      26.204149
 1     0     -13   -9    1     -5    4     4      26.292791
 -5    -2    -6    7     -5    4     -1    3      26.369408
 3     0     -20   17    1     0     -6    -4     26.438364
 1     -4    -7    18    3     -2    1     4      26.504692
 1     0     -28   40    1     2     5     5      26.575052
 -1    1     -7    -34   1     2     -1    -2     26.657803
 3     1     -7    -22   0     3     -3    -5     26.757746
 3     1     -7    -22   0     3     -3    -5     26.871307
 6     -3    -7    43    -5    0     -6    2      26.991602
 1     0     -1    -42   1     1     2     1      27.111408
 -2    -3    -7    -29   0     -2    2     -4     27.223682
 -4    0     -4    63    -1    -4    1     -3     27.322542
 -3    -1    -7    -21   -1    1     2     -2     27.404610
 -1    -3    -7    37    0     -2    2     3      27.467850
 -1    -3    -7    37    0     -2    2     3      27.512211
 -1    -2    -8    24    1     3     1     3      27.539055
 -1    -2    -8    24    1     3     1     3      27.550421
 2     3     -6    -35   -4    -2    -2    -1     27.548443
 0     -4    -7    -64   5     2     7     2      27.534758
 -4    6     -6    -13   -5    -3    -1    -4     27.510307
 -4    6     -6    -13   -5    -3    -1    -4     27.475100
 2     2     3     -62   2     -3    1     -1     27.428089
 -5    -6    -6    -33   -9    -1    -4    -7     27.366962
 -5    -6    -6    -33   -9    -1    -4    -7     27.289501
 -9    3     -7    -13   -5    -6    -6    -3     27.194788
 -9    3     -7    -13   -5    -6    -6    -3     27.082024
 5     6     -12   1     8     0     7     6      26.952396
 -4    -8    -7    22    -12   -8    -5    -12    26.808931
 -4    -8    -7    22    -12   -8    -5    -12    26.653727
 -6    -2    -4    18    -4    -6    -11   -12    26.485985
 -6    -2    -4    18    -4    -6    -11   -12    26.302082
 -7    -5    -3    -24   -18   -9    -15   -10    26.097761
 -16   4     -7    14    -10   -16   -16   -14    25.868986
 -12   -5    -3    -50   -13   -14   -19   -17    25.611986
 8     -2    -14   3     -1    9     8     9      25.324797
 -9    -10   -6    52    0     -16   -20   -16    25.008696
 -13   -3    -6    4     -2    -12   -20   -13    24.666883
 -13   -3    -6    4     -2    -12   -20   -13    24.301140
 -12   -7    -8    -1    -6    -11   -17   -17    23.910944
 4     3     -25   -23   6     2     8     8      23.500408
 -13   1     -7    7     -6    -11   -19   -17    23.080713
 3     -1    9     -83   2     4     11    8      22.661852
 3     -1    9     -83   2     4     11    8      22.250803
 -11   -3    -2    114   -3    -9    -21   -15    21.850084
 -11   -3    -2    114   -3    -9    -21   -15    21.460115
 -12   -8    -3    99    -8    -7    -11   -17    21.075890
 8     0     -17   -37   4     4     7     6      20.692997
 -13   -5    -4    81    -2    -13   -18   -12    20.314501
 8     3     -6    -56   -5    3     9     10     19.944691
 -6    -6    -6    52    -7    -5    -9    -15    19.586493
 -6    2     10    53    -6    -9    -11   -7     19.241304
 -6    2     10    53    -6    -9    -11   -7     18.914591
 -4    -6    6     -54   0     -5    -10   -5     18.613008
 -4    -6    6     -54   0     -5    -10   -5     18.342844
 -1    0     3     -128  -3    -5    -13   -12    18.107294
 -3    2     21    2     -4    -1    4     3      17.909630
 -4    2     -10   -50   -1    -4    -9    -10    17.756407
 3     -5    -81   24    2     5     -3    7      17.662870
 -4    0     127   85    -4    -10   -4    -8     17.671564
 -1    4     127   48    -2    2     0     -5     17.857023
 -1    1     -59   47    -2    -1    0     -4     18.295046
 0     -6    100   -128  -1    0     -1    1      19.028393
 -3    3     -54   -70   -1    -1    -2    2      20.072433
 2     -4    59    -128  -3    -2    -7    -7     21.424765
 -4    -2    33    -118  2     -2    -7    -2     23.064291
 -1    -5    87    -13   -5    -2    -1    3      24.961063
 -5    -5    -29   38    -3    -4    -4    1      27.089645
 -3    3     -12   59    -1    2     5     2      29.418173
 -4    -7    -79   -25   0     -2    -2    -5     31.901869
 -4    2     45    -98   -1    0     5     2      34.505295
 -8    -7    -86   120   -4    -4    -4    -2     37.209221
 -4    -4    127   -15   -7    -2    -3    -9     40.006767
 -4    -4    127   -15   -7    -2    -3    -9     42.910778
 -6    0     -86   -96   -3    3     -9    -4     45.936066
 -6    0     -86   -96   -3    3     -9    -4     49.072491
 -4    -2    -55   83    -3    -7    -6    -7     52.282242
 -4    -2    -55   83    -3    -7    -6    -7     55.508801
 -3    -6    -81   53    -6    2     -5    -3     58.690632
 3     2     -75   28    -4    2     -1    0      61.780441
 2     0     19    6     0     5     2     0      64.742867
 3     0     -32   127   1     -1    -1    1      67.538437
 -5    -1    -64   78    -4    -1    1     1      70.131058
 -1    0     32    -78   2     -7    1     0      72.504013
 -1    -3    76    -106  -4    -8    -6    -5     74.655907
 -3    -2    -10   24    3     -4    -5    -3     76.590012
 -2    -1    -103  11    2     0     0     1      78.313141
 -2    -3    -54   66    -2    1     -5    -6     79.839417
 1     -1    89    -128  -5    0     -2    0      81.191399
 2     3     3     -128  1     9     -4    3      82.387009
 0     4     89    6     -3    5     0     -2     83.431961
 0     3     78    -21   -2    -4    4     1      84.337433
 -6    -7    92    -128  3     -20   2     -8     85.123055
 -14   -10   -41   -44   0     -4    -3    -6     85.804543
 -14   -10   -41   -44   0     -4    -3    -6     86.380867
 -10   -2    -13   91    -8    -5    -11   -4     86.834892
 4     3     -88   117   2     5     2     0      87.152786
 -9    -1    -27   -112  -6    5     -4    -6     87.335091
 -3    -1    -24   94    -6    1     -4    -5     87.386314
 -3    -1    -24   94    -6    1     -4    -5     87.303604
 -8    -2    4     -109  -4    2     2     -6     87.075653
 -8    -2    4     -109  -4    2     2     -6     86.689362
 -1    -3    -7    1     1     -5    -2    -6     86.128799
 -1    -3    -7    1     1     -5    -2    -6     85.379967
 -5    -3    -1    61    -5    2     -3    -3     84.433456
 1     -1    -4    27    4     -4    0     -3     83.283226
 1     -1    -4    27    4     -4    0     -3     81.925438
 -3    -2    -6    40    1     3     1     -2     80.359940
 -3    -2    -6    40    1     3     1     -2     78.590073
 -2    -2    -8    -21   -2    5     0     -4     76.622162
 -5    -1    14    -101  -1    1     -2    -1     74.466682
 -5    -1    14    -101  -1    1     -2    -1     72.140656
 0     0     2     -23   -1    -2    4     -2     69.665962
 0     0     40    3     -1    -3    -3    5      67.069611
 1     6     -12   58    -13   -5    3     -3     64.387299
 -2    1     -34   18    -7    -7    -2    -2     61.661484
 4     3     -15   -17   1     1     -2    4      58.933323
 0     1     -33   -20   7     -1    -1    -4     56.241692
 5     1     -12   -28   4     -1    3     -2     53.621696
 5     -9    3     25    5     1     -1    8      51.097694
 5     -9    3     25    5     1     -1    8      48.678413
 5     0     -6    16    5     -3    3     3      46.363010
 -4    -4    -6    -31   -5    -2    0     -2     44.150936
 3     2     -32   -95   5     6     1     -2     42.049168
 -3    5     -26   -2    0     -6    0     -1     40.076702
 -3    5     -26   -2    0     -6    0     -1     38.258106
 3     -9    -7    127   -4    0     3     3      36.610188
 3     -9    -7    127   -4    0     3     3      35.134365
 0     -2    -58   12    -2    -4    -4    -2     33.828342
 0     -2    -58   12    -2    -4    -4    -2     32.709114
 0     2     -18   -115  -3    1     -5    0      31.806154
 -1    1     38    -3    -4    -4    2     2      31.133163
 0     11    25    35    -7    0     -1    3      30.685843
 -2    -12   41    -19   6     4     3     -1     30.456160
 5     10    7     7     -5    -1    -5    -4     30.432060
 6     12    -28   5     0     -2    -5    -4     30.591681
 -5    -7    -5    12    -3    -4    4     -5     30.905392
 0     9     -29   6     1     1     -5    2      31.342604
 3     2     41    9     -9    -2    -1    -1     31.882454
 3     12    -41   8     6     1     1     -1     32.519863
 -5    2     -62   -37   3     -2    3     4      33.261677
 -5    2     -62   -37   3     -2    3     4      34.121258
 1     7     5     1     6     4     10    7      35.106213
 1     7     5     1     6     4     10    7      36.194565
 9     8     99    7     15    10    15    5      37.352551
 9     8     99    7     15    10    15    5      38.584358
 18    18    92    43    11    19    23    22     39.930634
 -10   -15   -42   80    -20   -19   -23   -12    41.417984
 13    21    65    -68   23    17    30    25     43.035122
 -13   -26   -43   -11   -19   -14   -21   -20    44.742947
 24    36    35    -76   24    34    41    34     46.492908
 29    32    6     -16   25    38    48    38     48.214138
 29    32    6     -16   25    38    48    38     49.815071
 31    33    -101  -108  16    42    54    48     51.206039
 -22   -33   98    108   -71   -28   -23   -23    52.343044
 32    39    -90   -95   58    31    49    41     53.224129
 30    32    -78   -57   28    39    41    45     53.840145
 30    32    -78   -57   28    39    41    45     54.162319
 25    21    -53   82    75    32    40    34     54.136032
 -13   -6    -128  -96   -65   -10   -5    -8     53.714951
 17    -5    -40   39    -13   21    34    28     52.885208
 -7    -1    50    -81   -56   -11   5     -5     51.653854
 12    -8    94    63    25    21    30    31     50.049355
 6     -19   85    52    -68   -2    28    21     48.114361
 6     -19   85    52    -68   -2    28    21     45.921337
 15    -5    81    46    -41   18    26    20     43.534092
 15    -5    81    46    -41   18    26    20     41.022896
 6     1     77    23    -57   14    20    13     38.455818
 -57   -3    -66   -26   64    -4    7     5      35.900124
 30    11    77    24    -53   14    19    -7     33.420895
 24    25    65    26    -39   15    16    -73    31.064816
 24    25    65    26    -39   15    16    -73    28.817945
 -19   13    70    18    -112  10    11    -85    26.615732
 -19   13    70    18    -112  10    11    -85    24.346230
 -2    26    64    -2    -116  23    13    0      21.942997
 -37   2     -29   -8    80    3     9     113    19.396183
 -29   22    45    9     -115  23    15    -87    16.697451
 -45   3     -24   -11   75    4     8     4      13.879931
 17    31    40    9     -86   22    15    29     10.978559
 4     31    30    6     -59   20    13    75     8.092305
 -85   8     -5    2     -72   6     14    -52    5.319668
 -128  27    27    4     110   17    10    75     2.700455
 -63   0     -7    0     -47   9     15    3      0.252733
 -128  22    28    3     86    17    11    39     -4.577950
 -98   -9    16    -13   64    15    11    26     -9.163545
 -98   -9    16    -13   64    15    11    26     -13.111202
 -54   -34   4     -16   35    10    11    27     -16.473085
 -54   -34   4     -16   35    10    11    27     -19.331951
 -72   22    20    3     19    9     10    22     -21.790140
 3     -38   -9    -7    -22   7     14    3      -23.928007
 -116  22    13    13    13    4     11    23     -25.784456
 -116  22    13    13    13    4     11    23     -27.391113
 59    -32   -3    -14   -18   5     14    4      -28.784290
 59    -32   -3    -14   -18   5     14    4      -30.038532
 -17   -3    -10   -17   -14   11    11    9      -31.223598
 -78   -128  14    29    6     -8    9     11     -32.405128
 -128  122   1     -16   -9    0     7     2      -33.694248
 -57   -27   10    23    3     -27   1     10     -35.233318
 117   127   -8    -21   -5    3     3     5      -37.180340
 105   100   -14   -25   108   9     5     1      -39.660408
 -60   -48   6     26    -89   -13   5     7      -42.678646
 -60   -48   6     26    -89   -13   5     7      -46.111179
 -42   -33   2     10    -89   -13   7     9      -49.669209
 53    27    -8    -3    83    0     8     8      -52.974701
 127   -18   1     -4    -90   2     1     2      -55.716831
 -62   16    -4    1     51    6     13    9      -57.731712
 127   -23   0     -3    -61   14    -12   8      -58.999611
 -9    16    2     -5    26    7     8     7      -59.601120
 -56   93    -2    4     18    33    5     10     -59.631393
 -56   93    -2    4     18    33    5     10     -59.221584
 54    100   4     7     13    19    11    6      -58.492996
 -98   -60   0     -7    -22   20    -31   5      -57.570229
 110   83    -2    -10   -5    15    11    11     -56.553581
 -70   -84   0     1     -15   20    -34   6      -55.514526
 88    56    0     -1    29    -8    10    4      -54.497108
 -30   -96   1     -2    -16   14    -29   7      -53.522243
 49    -90   1     -1    -7    14    -30   6      -52.593468
 49    -90   1     -1    -7    14    -30   6      -51.710411
 127   -77   1     -1    -9    29    -29   9      -50.872498
 127   -77   1     -1    -9    29    -29   9      -50.081940
 127   -65   -2    -5    -28   6     -25   3      -49.339825
 -128  14    18    0     19    -10   37    10     -48.642818
 110   -52   -2    1     3     -21   -26   12     -47.981293
 -128  3     7     -2    -13   -24   32    6      -47.345303
 81    -28   0     10    -18   -34   -52   8      -46.731300
 -69   -8    -1    -8    -48   -31   104   11     -46.139446
 -50   -15   7     -7    1     98    93    9      -45.571423
 58    -29   2     12    127   27    -94   8      -45.030182
 -43   -8    5     -2    -128  44    126   6      -44.518906
 57    -27   1     6     127   19    -87   8      -44.040806
 -44   -13   7     -2    -113  11    80    9      -43.599720
 42    -27   -1    1     127   -6    -54   6      -43.198811
 24    -19   1     -2    89    -50   -40   4      -42.840862
 24    -19   1     -2    89    -50   -40   4      -42.527424
 14    -27   0     -1    31    -79   -5    2      -42.256557
 14    -27   0     -1    31    -79   -5    2      -42.022491
 15    -21   -1    6     3     -67   5     -2     -41.815819
 -1    -45   9     -7    -14   23    52    7      -41.621876
 19    -32   -2    -2    3     -56   -7    -4     -41.421028
 0     -39   10    -7    -19   13    61    11     -41.189873
 17    -28   1     -1    8     -49   -11   4      -40.903679
 5     6     15    6     -13   8     52    13     -40.532425
 9     1     12    -3    -19   4     -2    6      -40.040733
 11    -30   1     -11   -1    -28   -31   3      -39.383492
 11    -2    12    0     -7    1     25    15     -38.516045
 7     -22   2     1     -4    -37   22    3      -37.391716
 9     -2    18    4     0     -32   28    5      -35.957664
 10    -27   -2    4     23    -78   22    -4     -34.157494
 9     -13   15    7     -14   13    24    10     -31.929617
 6     3     15    6     5     -24   -128  8      -29.219658
 13    -11   -11   -17   -1    86    127   -16    -25.981497
 9     -5    15    7     -9    106   -128  6      -22.190166
 3     41    -13   -20   -14   44    127   10     -17.843788
 11    -31   22    14    6     -62   -128  2      -12.969825
 21    -128  21    14    24    -76   -95   16     -7.622254
 0     127   -40   -18   -33   65    121   30     -1.893366
 11    -128  18    6     17    -54   -59   7      1.770111
 -1    123   -47   -20   -43   38    74    30     4.412925
 9     -108  35    6     21    -8    -29   4      7.058959
 4     75    -43   -10   -50   21    47    19     9.669199
 6     61    -45   -8    93    24    46    13     12.212784
 6     61    -45   -8    93    24    46    13     14.671755
 -6    33    -44   -13   114   24    42    14     17.035299
 74    -34   19    1     -83   -25   -14   11     19.290318
 -19   54    -32   -24   -120  22    32    15     21.411057
 -17   53    -34   -8    41    23    23    16     23.375620
 -17   53    -34   -8    41    23    23    16     25.172449
 -17   53    -34   -8    41    23    23    16     26.808714
 40    -41   7     7     127   10    9     12     28.286472
 40    -41   7     7     127   10    9     12     29.594149
 22    -3    14    3     127   3     14    13     30.712622
 13    -118  -38   4     98    19    17    13     31.632318
 124   127   22    -75   20    5     3     3      32.357346
 14    82    -53   -66   -128  -1    15    12     32.895260
 14    82    -53   -66   -128  -1    15    12     33.264812
 61    -123  -55   1     127   31    11    14     33.489086
 41    70    42    23    -59   25    16    12     33.598377
 -73   -55   15    23    -51   -2    10    8      33.603577
 26    90    38    -33   90    18    12    14     33.495213
 -66   -83   -43   26    -23   5     8     12     33.267941
 16    24    41    -49   56    18    10    13     32.922112
 -64   -101  -37   41    -1    5     12    13     32.467384
 40    22    28    -44   42    15    13    10     31.904512
 24    -76   -9    -25   -46   16    13    13     31.235996
 24    -76   -9    -25   -46   16    13    13     30.455181
 14    -99   -19   4     -112  10    13    14     29.564463
 14    -99   -19   4     -112  10    13    14     28.577023
 0     -73   28    1     -128  9     11    13     27.517506
 39    53    -53   12    -31   9     11    9      26.422369
 9     -5    82    -1    -128  13    10    15     25.337713
 40    -6    -58   1     -40   0     12    18     24.317455
 22    18    78    -6    -128  -2    13    12     23.401684
 31    -3    -52   4     9     21    13    11     22.623919
 120   -7    -48   10    26    -3    9     5      21.991331
 24    25    58    -10   -52   -6    11    5      21.491278
 -27   6     127   23    127   11    9     10     21.118139
 -27   48    -39   4     -26   -9    5     6      20.881918
 -25   -48   -78   -16   74    4     3     6      20.815958
 127   -45   -43   10    114   1     21    8      20.920357
 44    95    -128  5     -15   5     21    5      21.170971
 52    -56   11    -2    68    0     37    10     21.545414
 45    90    -74   19    -37   -12   -32   13     22.004425
 -52   -50   17    -11   50    6     -22   8      22.524086
 -8    69    -38   4     -29   -5    17    6      23.076536
 -42   -32   -3    -25   -6    13    20    8      23.643368
 -62   52    -16   4     -36   -10   0     9      24.203117
 127   -27   1     -12   -66   26    -16   8      24.722569
 -50   35    -14   11    20    -8    -47   11     25.139809
 -64   26    -20   13    53    -21   -29   10     25.401186
 68    -10   9     -7    20    5     35    2      25.467915
 -51   24    -13   14    23    -9    17    4      25.336889
 45    -16   118   -5    -128  7     21    11     25.020742
 -44   21    17    3     29    3     -10   7      24.560743
 -26   13    56    2     -4    0     33    13     24.005280
 19    5     72    0     -108  1     23    10     23.394787
 -20   13    10    -6    -13   9     39    11     22.773748
 12    6     -35   7     -94   2     28    10     22.178770
 -19   14    78    -6    -11   20    30    14     21.638950
 127   10    79    -4    -91   -5    2     16     21.175642
 127   11    70    -10   -2    19    21    10     20.781645
 27    -123  118   -9    -33   20    13    7      20.430815
 -32   28    -128  3     -42   4     16    14     20.115246
 113   -86   91    -1    -108  15    12    6      19.867289
 -116  51    -57   -10   114   2     14    4      19.711422
 -96   55    -28   -17   90    4     8     14     19.612764
 71    -37   36    -5    -64   15    16    9      19.500935
 -51   25    28    -26   115   15    7     11     19.322296
 45    -24   9     18    -34   4     14    10     19.048958
 -22   -2    63    5     83    1     9     18     18.680466
 19    -47   -25   -2    -57   13    11    9      18.238823
 28    -36   -42   -10   -44   11    8     12     17.759317
 28    -36   -42   -10   -44   11    8     12     17.275833
 29    39    -12   -39   -30   16    10    7      16.817982
 29    39    -12   -39   -30   16    10    7      16.401751
 22    77    -35   -14   -23   9     9     12     16.037157
 22    77    -35   -14   -23   9     9     12     15.737416
 20    86    -20   3     -15   11    13    12     15.515900
 43    -63   37    14    22    10    18    15     15.377812
 21    85    -33   -33   -3    6     10    8      15.320681
 119   -50   37    47    18    9     8     10     15.334588
 6     58    -32   -17   0     16    13    11     15.391496
 32    25    -12   -23   8     2     11    12     15.476564
 -37   7     5     3     6     11    15    16     15.562057
 10    15    -7    -15   0     6     12    16     15.643471
 -26   -6    1     3     12    9     21    14     15.706518
 -2    21    0     -2    -11   9     12    12     15.740612
 25    21    1     0     -8    5     10    11     15.746213
 25    21    1     0     -8    5     10    11     15.719848
 7     21    5     2     -2    -3    11    13     15.661608
 7     21    5     2     -2    -3    11    13     15.569408
 17    -122  5     3     1     2     10    9      15.446417
 17    -122  5     3     1     2     10    9      15.298772
 9     -75   0     1     6     -19   12    10     15.129916
 16    55    4     3     -2    8     8     6      14.941689
 -4    -27   2     9     44    -13   9     8      14.737131
 4     42    4     5     -23   -9    11    10     14.522655
 4     42    4     5     -23   -9    11    10     14.304919
 0     58    1     6     21    -5    11    14     14.090874
 7     -30   -1    -13   -37   11    3     12     13.883627
 6     57    3     2     0     2     9     9      13.683786
 8     -13   -3    -8    7     4     12    6      13.492382
 3     39    7     7     86    -6    9     5      13.312403
 -1    18    -6    0     127   -3    11    12     13.150242
 30    -8    -4    9     -123  -2    9     6      13.009550
 -12   14    4     1     97    5     7     8      12.887450
 37    -7    -2    -7    -128  7     2     8      12.774962
 -24   22    4     4     127   -10   0     -3     12.657724
 4     10    3     6     100   -16   3     2      12.529456
 -31   22    13    -2    127   -18   -10   -12    12.388035
 -32   15    6     8     99    -16   -15   -9     12.236731
 -32   15    6     8     99    -16   -15   -9     12.077434
 24    -10   -12   -3    -47   10    2     1      11.905556
 -35   4     3     9     56    -48   -22   -24    11.720573
 -23   -6    0     8     49    -15   -24   -18    11.519814
 16    -6    1     95    -30   21    4     -1     11.300274
 -3    4     -8    -8    43    -8    0     -3     11.061752
 14    -3    3     -102  -34   20    -2    2      10.815879
 0     9     -10   -40   30    2     -2    5      10.578855
 -5    3     2     -84   19    -13   -4    -1     10.366961
 3     0     -4    50    -5    -3    -1    0      10.192148
 -13   -21   3     43    10    -19   -15   -12    10.063414
 4     13    1     -9    -2    13    6     5      9.983595
 -16   -31   -4    52    10    -11   -25   -18    9.951857
 15    24    -6    -21   31    8     17    14     9.962082
 -20   -49   -1    21    13    -14   -21   -26    10.007778
 -20   -48   1     -3    15    -13   -27   -26    10.075200
 16    33    2     19    21    -2    9     15     10.149322
 -21   -47   11    25    14    -11   -22   -22    10.217179
 13    37    -41   -101  127   3     7     10     10.278137
 -24   -39   78    103   -56   -10   -20   -28    10.355992
 -19   -38   37    89    -56   -6    -14   -17    10.490583
 -19   -38   37    89    -56   -6    -14   -17    10.715856
 -18   -29   21    80    -72   -5    -11   -17    11.039034
 -18   -29   21    80    -72   -5    -11   -17    11.452743
 -16   -19   6     52    -34   -3    -16   -14    11.939181
 6     23    1     -39   19    3     3     9      12.474058
 -13   -20   -21   -13   54    -6    -6    -9     13.033892
 7     10    29    70    -41   2     5     2      13.607530
 -15   -18   -29   -73   12    -5    -5    -11    14.199397
 -8    -20   -32   -57   24    -4    -7    -13    14.816622
 4     6     13    55    -46   4     -2    2      15.465114
 -9    -11   -27   -70   17    -4    -7    -9     16.144018
 -9    -11   -27   -70   17    -4    -7    -9     16.852165
 -9    -9    -20   -53   6     -5    -8    -3     17.591181
 16    15    4     23    -12   3     3     10     18.356443
 -10   -15   -14   -33   1     0     -3    -5     19.135475
 8     1     10    17    54    -1    5     1      19.916044
 -6    -2    -8    -7    13    -3    -8    -5     20.689266
 -8    -7    -9    -42   -82   -6    -4    -3     21.451187
 -8    -7    -9    -42   -82   -6    -4    -3     22.198994
 -6    -11   -5    -5    -40   3     -1    -4     22.929407
 -6    -11   -5    -5    -40   3     -1    -4     23.638205
 -8    -4    -1    29    -35   -8    -4    -6     24.319004
 -1    1     -4    -10   1     4     -5    5      24.963634
 -7    -4    -4    12    -55   -2    0     -3     25.564394
 2     1     5     -14   20    -6    0     -2     26.115129
 -7    -5    -8    15    -45   -2    -5    -4     26.612919
 -6    -2    -4    9     -21   -1    -5    -4     27.054642
 -6    -2    -4    9     -21   -1    -5    -4     27.436811
 -5    -3    -2    4     -3    -1    -3    -4     27.753479
 -5    -3    -2    4     -3    -1    -3    -4     27.998989
 -2    -3    2     -1    -7    -5    -2    -1     28.169113
 -1    3     1     3     15    -2    -1    1      28.262585
 5     2     -5    5     -11   2     0     1      28.280899
 2     5     -3    6     -3    -4    -6    -8     28.227789
 2     5     -3    6     -3    -4    -6    -8     28.106400
 6     -4    -1    2     -7    6     0     1      27.918791
 6     -4    -1    2     -7    6     0     1      27.667328
 0     2     0     -3    0     2     -1    -1     27.356394
 -4    -2    2     -3    -5    1     -3    1      26.992697
 -2    -6    -6    -5    -13   -5    -1    2      26.584717
 -3    -2    2     3     -1    -9    -1    0      26.143333
 -4    -2    -2    -5    -9    1     2     1      25.678526
 3     -1    3     -1    -1    -12   -1    1      25.198488
 1     -4    2     0     3     6     0     1      24.710659
 3     -10   1     -6    -6    0     3     -3     24.221581
 3     -10   1     -6    -6    0     3     -3     23.736261
 -1    2     0     -5    -9    2     -1    -2     23.258379
 -1    2     0     -5    -9    2     -1    -2     22.790613
 -3    -1    -2    -3    -8    1     -1    -3     22.335720
 -2    5     4     -2    -4    10    3     -2     21.897444
 -2    5     4     -2    -4    10    3     -2     21.480694
 0     -3    0     -4    2     -3    0     1      21.090122
 0     -3    0     -4    2     -3    0     1      20.728607
 -4    -3    0     -2    5     4     -3    1      20.396633
 2     1     2     3     3     -1    3     1      20.093893
 4     -5    4     -2    4     3     -2    -3     19.820581
 -6    3     -3    -3    -5    -4    1     0      19.577406
 -6    3     -3    -3    -5    -4    1     0      19.365181
 -1    1     -1    0     2     -4    -3    2      19.183399
 2     6     -2    3     4     0     -3    0      19.030912
 -1    4     2     1     0     -1    3     -5     18.906342
 1     -2    -1    -3    -5    0     -1    -4     18.808340
 -2    0     -4    -3    4     1     1     2      18.735308
 -2    -3    -3    -2    -9    -4    -1    -1     18.686132
 -3    5     -1    0     5     -2    5     0      18.660265
 0     -3    -2    -3    -2    -1    -5    0      18.656351
 0     2     1     -2    2     3     1     1      18.672588
 0     -1    -3    -3    -4    -8    -3    -3     18.707306
 -3    1     -5    0     2     0     0     0      18.759741
