EMG1  EMG2  EMG3  EMG4  EMG5  EMG6  EMG7  EMG8  ForceX ForceY ForceZ tauX tawY tayZ 
 1     4     2     0     -2    -1    3     12   0.000082 0.000000 0.000041 
 -1    13    0     -2    1     -2    -1    0    0.000481 0.000082 0.000281 
 -1    13    0     -2    1     -2    -1    0    0.001397 0.000563 0.000980 
 -1    13    0     -2    1     -2    -1    0    0.002836 0.001960 0.002480 
 -1    13    0     -2    1     -2    -1    0    0.004714 0.004960 0.005071 
 -1    13    0     -2    1     -2    -1    0    0.006955 0.010143 0.008996 
 -1    13    0     -2    1     -2    -1    0    0.009489 0.017992 0.014449 
 -1    13    0     -2    1     -2    -1    0    0.012250 0.028899 0.021586 
 -1    13    0     -2    1     -2    -1    0    0.015180 0.043172 0.030523 
 -1    13    0     -2    1     -2    -1    0    0.018225 0.061045 0.041341 
 -1    13    0     -2    1     -2    -1    0    0.021335 0.082681 0.054090 
 -1    13    0     -2    1     -2    -1    0    0.024466 0.108181 0.068793 
 -1    13    0     -2    1     -2    -1    0    0.027580 0.137587 0.085446 
 -1    13    0     -2    1     -2    -1    0    0.030641 0.170892 0.104022 
 -1    13    0     -2    1     -2    -1    0    0.033618 0.208043 0.124474 
 -1    13    0     -2    1     -2    -1    0    0.036483 0.248947 0.146738 
 -1    13    0     -2    1     -2    -1    0    0.039214 0.293475 0.170734 
 -1    13    0     -2    1     -2    -1    0    0.041790 0.341467 0.196369 
 -1    13    0     -2    1     -2    -1    0    0.044195 0.392738 0.223539 
 -1    13    0     -2    1     -2    -1    0    0.046414 0.447079 0.252132 
 -1    13    0     -2    1     -2    -1    0    0.048436 0.504263 0.282025 
 -1    13    0     -2    1     -2    -1    0    0.050254 0.564049 0.313092 
 -1    13    0     -2    1     -2    -1    0    0.051860 0.626184 0.345203 
 -1    13    0     -2    1     -2    -1    0    0.053251 0.690407 0.378224 
 -1    13    0     -2    1     -2    -1    0    0.054426 0.756449 0.412020 
 -1    13    0     -2    1     -2    -1    0    0.055383 0.824041 0.446455 
 -1    13    0     -2    1     -2    -1    0    0.056125 0.892910 0.481395 
 -1    13    0     -2    1     -2    -1    0    0.056655 0.962789 0.516705 
 -1    13    0     -2    1     -2    -1    0    0.056978 1.033410 0.552256 
 -1    13    0     -2    1     -2    -1    0    0.057099 1.104512 0.587920 
 -1    13    0     -2    1     -2    -1    0    0.057024 1.175840 0.623574 
 -1    13    0     -2    1     -2    -1    0    0.056762 1.247149 0.659100 
 -1    13    0     -2    1     -2    -1    0    0.056321 1.318200 0.694383 
 -1    13    0     -2    1     -2    -1    0    0.055710 1.388766 0.729317 
 -1    13    0     -2    1     -2    -1    0    0.054938 1.458633 0.763798 
 -1    13    0     -2    1     -2    -1    0    0.054017 1.527596 0.797731 
 -1    13    0     -2    1     -2    -1    0    0.052956 1.595463 0.831028 
 -1    13    0     -2    1     -2    -1    0    0.051765 1.662056 0.863605 
 -1    13    0     -2    1     -2    -1    0    0.050457 1.727209 0.895386 
 -1    13    0     -2    1     -2    -1    0    0.049042 1.790772 0.926303 
 -1    13    0     -2    1     -2    -1    0    0.047530 1.852606 0.956293 
 -1    13    0     -2    1     -2    -1    0    0.045933 1.912586 0.985301 
 -1    13    0     -2    1     -2    -1    0    0.044261 1.970601 1.013278 
 -1    13    0     -2    1     -2    -1    0    0.042525 2.026555 1.040182 
 -1    13    0     -2    1     -2    -1    0    0.040736 2.080364 1.065978 
 -1    13    0     -2    1     -2    -1    0    0.038903 2.131955 1.090636 
 -1    13    0     -2    1     -2    -1    0    0.037036 2.181272 1.114134 
 -1    13    0     -2    1     -2    -1    0    0.035144 2.228268 1.136454 
 -1    13    0     -2    1     -2    -1    0    0.033237 2.272908 1.157585 
 -1    13    0     -2    1     -2    -1    0    0.031323 2.315170 1.177521 
 -1    13    0     -2    1     -2    -1    0    0.029409 2.355041 1.196260 
 -1    13    0     -2    1     -2    -1    0    0.027505 2.392521 1.213808 
 -1    13    0     -2    1     -2    -1    0    0.025616 2.427617 1.230173 
 -1    13    0     -2    1     -2    -1    0    0.023750 2.460346 1.245367 
 -1    13    0     -2    1     -2    -1    0    0.021913 2.490734 1.259407 
 -1    13    0     -2    1     -2    -1    0    0.020111 2.518815 1.272315 
 -1    13    0     -2    1     -2    -1    0    0.018349 2.544630 1.284114 
 -1    13    0     -2    1     -2    -1    0    0.016632 2.568228 1.294831 
 -1    13    0     -2    1     -2    -1    0    0.014963 2.589662 1.304496 
 -1    13    0     -2    1     -2    -1    0    0.013348 2.608992 1.313141 
 -1    13    0     -2    1     -2    -1    0    0.011789 2.626283 1.320802 
 -1    13    0     -2    1     -2    -1    0    0.010290 2.641604 1.327514 
 -1    13    0     -2    1     -2    -1    0    0.008852 2.655029 1.333316 
 -1    13    0     -2    1     -2    -1    0    0.007478 2.666633 1.338248 
 -1    13    0     -2    1     -2    -1    0    0.006170 2.676496 1.342349 
 -1    13    0     -2    1     -2    -1    0    0.004928 2.684699 1.345662 
 -1    13    0     -2    1     -2    -1    0    0.003754 2.691324 1.348229 
 -1    13    0     -2    1     -2    -1    0    0.002649 2.696458 1.350092 
 -1    13    0     -2    1     -2    -1    0    0.001612 2.700184 1.351294 
 -1    13    0     -2    1     -2    -1    0    0.000644 2.702588 1.351878 
 -1    13    0     -2    1     -2    -1    0    -0.000256 2.703756 1.351887 
 -1    13    0     -2    1     -2    -1    0    -0.001089 2.703773 1.351362 
 -1    13    0     -2    1     -2    -1    0    -0.001855 2.702724 1.350346 
 -1    13    0     -2    1     -2    -1    0    -0.002556 2.700692 1.348880 
 -1    13    0     -2    1     -2    -1    0    -0.003193 2.697759 1.347003 
 -1    13    0     -2    1     -2    -1    0    -0.003768 2.694006 1.344756 
 -1    13    0     -2    1     -2    -1    0    -0.004282 2.689512 1.342176 
 -1    13    0     -2    1     -2    -1    0    -0.004737 2.684352 1.339301 
 -1    13    0     -2    1     -2    -1    0    -0.005135 2.678602 1.336166 
 -1    13    0     -2    1     -2    -1    0    -0.005479 2.672332 1.332806 
 -1    13    0     -2    1     -2    -1    0    -0.005770 2.665612 1.329254 
 -1    13    0     -2    1     -2    -1    0    -0.006012 2.658508 1.325542 
 -1    13    0     -2    1     -2    -1    0    -0.006206 2.651083 1.321700 
 -1    13    0     -2    1     -2    -1    0    -0.006354 2.643399 1.317756 
 -1    13    0     -2    1     -2    -1    0    -0.006460 2.635512 1.313738 
 -1    13    0     -2    1     -2    -1    0    -0.006526 2.627476 1.309672 
 -1    13    0     -2    1     -2    -1    0    -0.006554 2.619343 1.305580 
 -1    13    0     -2    1     -2    -1    0    -0.006548 2.611161 1.301487 
 -1    13    0     -2    1     -2    -1    0    -0.006508 2.602974 1.297412 
 -1    13    0     -2    1     -2    -1    0    -0.006439 2.594824 1.293374 
 -1    13    0     -2    1     -2    -1    0    -0.006342 2.586749 1.289392 
 -1    13    0     -2    1     -2    -1    0    -0.006220 2.578784 1.285481 
 -1    13    0     -2    1     -2    -1    0    -0.006076 2.570963 1.281657 
 -1    13    0     -2    1     -2    -1    0    -0.005911 2.563314 1.277932 
 -1    13    0     -2    1     -2    -1    0    -0.005728 2.555863 1.274318 
 -1    13    0     -2    1     -2    -1    0    -0.005528 2.548635 1.270825 
 -1    13    0     -2    1     -2    -1    0    -0.005315 2.541650 1.267463 
 -1    13    0     -2    1     -2    -1    0    -0.005091 2.534925 1.264239 
 -1    13    0     -2    1     -2    -1    0    -0.004856 2.528478 1.261160 
 -1    13    0     -2    1     -2    -1    0    -0.004613 2.522320 1.258231 
 -1    13    0     -2    1     -2    -1    0    -0.004364 2.516462 1.255457 
 -1    13    0     -2    1     -2    -1    0    -0.004110 2.510914 1.252840 
 -1    13    0     -2    1     -2    -1    0    -0.003854 2.505681 1.250384 
 -1    13    0     -2    1     -2    -1    0    -0.003595 2.500767 1.248088 
 -1    13    0     -2    1     -2    -1    0    -0.003337 2.496176 1.245954 
 -1    13    0     -2    1     -2    -1    0    -0.003080 2.491908 1.243981 
 -1    13    0     -2    1     -2    -1    0    -0.002824 2.487962 1.242168 
 -1    13    0     -2    1     -2    -1    0    -0.002573 2.484336 1.240513 
 -1    13    0     -2    1     -2    -1    0    -0.002326 2.481025 1.239013 
 -1    13    0     -2    1     -2    -1    0    -0.002084 2.478025 1.237665 
 -1    13    0     -2    1     -2    -1    0    -0.001848 2.475330 1.236466 
 -1    13    0     -2    1     -2    -1    0    -0.001619 2.472932 1.235411 
 -1    13    0     -2    1     -2    -1    0    -0.001398 2.470822 1.234496 
 -1    13    0     -2    1     -2    -1    0    -0.001185 2.468992 1.233715 
 -1    13    0     -2    1     -2    -1    0    -0.000980 2.467431 1.233065 
 -1    13    0     -2    1     -2    -1    0    -0.000784 2.466129 1.232538 
 -1    13    0     -2    1     -2    -1    0    -0.000598 2.465075 1.232129 
 -1    13    0     -2    1     -2    -1    0    -0.000421 2.464258 1.231833 
 -1    13    0     -2    1     -2    -1    0    -0.000255 2.463665 1.231642 
 -1    13    0     -2    1     -2    -1    0    -0.000098 2.463284 1.231552 
 -1    13    0     -2    1     -2    -1    0    0.000049 2.463103 1.231555 
 -1    13    0     -2    1     -2    -1    0    0.000186 2.463109 1.231645 
 -1    13    0     -2    1     -2    -1    0    0.000312 2.463290 1.231817 
 -1    13    0     -2    1     -2    -1    0    0.000429 2.463633 1.232063 
 -1    13    0     -2    1     -2    -1    0    0.000536 2.464125 1.232377 
 -1    13    0     -2    1     -2    -1    0    0.000633 2.464755 1.232755 
 -1    13    0     -2    1     -2    -1    0    0.000720 2.465509 1.233188 
 -1    13    0     -2    1     -2    -1    0    0.000798 2.466376 1.233672 
 -1    13    0     -2    1     -2    -1    0    0.000867 2.467345 1.234201 
 -1    13    0     -2    1     -2    -1    0    0.000927 2.468403 1.234770 
 -1    13    0     -2    1     -2    -1    0    0.000979 2.469539 1.235372 
 -1    13    0     -2    1     -2    -1    0    0.001023 2.470743 1.236003 
 -1    13    0     -2    1     -2    -1    0    0.001058 2.472005 1.236657 
 -1    13    0     -2    1     -2    -1    0    0.001087 2.473315 1.237331 
 -1    13    0     -2    1     -2    -1    0    0.001108 2.474662 1.238019 
 -1    13    0     -2    1     -2    -1    0    0.001122 2.476039 1.238718 
 -1    13    0     -2    1     -2    -1    0    0.001130 2.477436 1.239423 
 -1    13    0     -2    1     -2    -1    0    0.001132 2.478846 1.240130 
 -1    13    0     -2    1     -2    -1    0    0.001129 2.480261 1.240837 
 -1    13    0     -2    1     -2    -1    0    0.001121 2.481673 1.241539 
 -1    13    0     -2    1     -2    -1    0    0.001107 2.483077 1.242233 
 -1    13    0     -2    1     -2    -1    0    0.001089 2.484466 1.242917 
 -1    13    0     -2    1     -2    -1    0    0.001068 2.485835 1.243589 
 -1    13    0     -2    1     -2    -1    0    0.001042 2.487178 1.244245 
 -1    13    0     -2    1     -2    -1    0    0.001014 2.488490 1.244884 
 -1    13    0     -2    1     -2    -1    0    0.000982 2.489768 1.245504 
 -1    13    0     -2    1     -2    -1    0    0.000948 2.491008 1.246103 
 -1    13    0     -2    1     -2    -1    0    0.000912 2.492206 1.246680 
 -1    13    0     -2    1     -2    -1    0    0.000874 2.493360 1.247233 
 -1    13    0     -2    1     -2    -1    0    0.000834 2.494466 1.247762 
 -1    13    0     -2    1     -2    -1    0    0.000793 2.495524 1.248265 
 -1    13    0     -2    1     -2    -1    0    0.000751 2.496530 1.248742 
 -1    13    0     -2    1     -2    -1    0    0.000708 2.497485 1.249193 
 -1    13    0     -2    1     -2    -1    0    0.000665 2.498386 1.249617 
 -1    13    0     -2    1     -2    -1    0    0.000621 2.499233 1.250013 
 -1    13    0     -2    1     -2    -1    0    0.000578 2.500026 1.250383 
 -1    13    0     -2    1     -2    -1    0    0.000535 2.500765 1.250725 
 -1    13    0     -2    1     -2    -1    0    0.000492 2.501450 1.251040 
 -1    13    0     -2    1     -2    -1    0    0.000449 2.502080 1.251329 
 -1    13    0     -2    1     -2    -1    0    0.000408 2.502658 1.2